A = [0 1 -1; -1 0 1; 1 -1 0]
A = rand(3,3)